3645747200972942 1006063304867791 646 0 0 http://weibo.com/3304867791/Ajc5O456C
3645746958027510 1006063304867791 646 0 0 http://weibo.com/3304867791/Ajc5pxGjY
3645746743737243 1006063304867791 1267 0 0 http://weibo.com/3304867791/Ajc54fGe7
3644550629284265 1006063304867791 0 0 0 http://weibo.com/3304867791/AiGXQCXgd
3644550021057345 1006063304867791 796 0 0 http://weibo.com/3304867791/AiGWS4r3X
3643609666244837 1006063304867791 2180 0 0 http://weibo.com/3304867791/Aiiuaqczb
3643604628730820 1006063304867791 2652 0 0 http://weibo.com/3304867791/Aiim2ADhG
3642889411930372 1006063304867791 285 0 0 http://weibo.com/3304867791/AhZKt86b2
3642873163971264 1006063304867791 300 0 0 http://weibo.com/3304867791/AhZkggF6E
3642435680574321 1006063304867791 301 0 0 http://weibo.com/3304867791/AhNWE2ppf
3642155081630316 1006063304867791 1008 0 0 http://weibo.com/3304867791/AhGE46Q7q
3642117936804248 1006063304867791 222 0 0 http://weibo.com/3304867791/AhFG9sy5W
3642110848300347 1006063304867791 826 0 0 http://weibo.com/3304867791/AhFuIyPiz
3642068267711157 1006063304867791 894 0 0 http://weibo.com/3304867791/AhEo2wm1v
3642037846895891 1006063304867791 1 0 0 http://weibo.com/3304867791/AhDAYsVW3
3642889411930372 1006063304867791 285 0 0 http://weibo.com/3304867791/AhZKt86b2
3642873163971264 1006063304867791 300 0 0 http://weibo.com/3304867791/AhZkggF6E
3642435680574321 1006063304867791 301 0 0 http://weibo.com/3304867791/AhNWE2ppf
3642155081630316 1006063304867791 1008 0 0 http://weibo.com/3304867791/AhGE46Q7q
3642117936804248 1006063304867791 222 0 0 http://weibo.com/3304867791/AhFG9sy5W
3642110848300347 1006063304867791 826 0 0 http://weibo.com/3304867791/AhFuIyPiz
3642068267711157 1006063304867791 894 0 0 http://weibo.com/3304867791/AhEo2wm1v
3642037846895891 1006063304867791 1 0 0 http://weibo.com/3304867791/AhDAYsVW3
3642032259716976 1006063304867791 1282 0 0 http://weibo.com/3304867791/AhDrXELPq
3641813958751360 1006063304867791 748 0 0 http://weibo.com/3304867791/AhxLRAICY
3641790005304055 1006063304867791 2860 0 0 http://weibo.com/3304867791/Ahx9emfPh
3641754957438954 1006063304867791 541 0 0 http://weibo.com/3304867791/AhweHvdd8
3641747408124878 1006063304867791 1274 0 0 http://weibo.com/3304867791/Ahw2wy5Eq
3641737333124774 1006063304867791 2 0 0 http://weibo.com/3304867791/AhvMhd6TA
3641695859808260 1006063304867791 4930 0 0 http://weibo.com/3304867791/AhuHnF9zK
3641435334697669 1006063304867791 4392 0 0 http://weibo.com/3304867791/AhnVbjI4R
3641422358067226 1006063304867791 4731 0 0 http://weibo.com/3304867791/AhnAfxQEy
3641390422457879 1006063304867791 4366 0 0 http://weibo.com/3304867791/AhmKKajpd
3641303050503454 1006063304867791 0 0 0 http://weibo.com/3304867791/AhktP26Ye
3639282407109465 1006063304867791 1012 0 5 http://weibo.com/3304867791/AgtUItPuN
3639225137952692 1006063304867791 2 0 1 http://weibo.com/3304867791/AgsqlxmRe
3638888943635769 1006063304867791 1100 0 14 http://weibo.com/3304867791/AgjG6ffPr
3638888826188123 1006063304867791 1647 0 23 http://weibo.com/3304867791/AgjFUpXOr
3638888637433555 1006063304867791 251 0 1 http://weibo.com/3304867791/AgjFBvbO3
3638521413699248 1006063304867791 780 0 37 http://weibo.com/3304867791/Aga7jfwli
3638520108969887 1006063304867791 641 0 41 http://weibo.com/3304867791/Aga5cBDtB
3638509044530340 1006063304867791 415 0 1 http://weibo.com/3304867791/Ag9Nmj0y0
3638179405504340 1006063304867791 726 0 32 http://weibo.com/3304867791/Ag1dGn5VG
3638178503958534 1006063304867791 5 0 1 http://weibo.com/3304867791/Ag1cegBNk
3638178394902448 1006063304867791 1 0 1 http://weibo.com/3304867791/Ag1c3kzlK
3638178248212662 1006063304867791 562 0 3 http://weibo.com/3304867791/Ag1bOysui
3638178038373251 1006063304867791 975 0 31 http://weibo.com/3304867791/Ag1btz8gr
3638164687767942 1006063304867791 0 0 0 http://weibo.com/3304867791/Ag0PWwANo
3638164549347772 1006063304867791 0 0 0 http://weibo.com/3304867791/Ag0PIDdMw
3640705530137036 1006063304867791 1892 0 0 http://weibo.com/3304867791/Ah4W50zEg
3640680590785417 1006063304867791 892 0 0 http://weibo.com/3304867791/Ah4hR3ik1
3640680297158417 1006063304867791 769 0 0 http://weibo.com/3304867791/Ah4hnu2el
3640514899068811 1006063304867791 328 0 3 http://weibo.com/3304867791/AgZYBC3d9
3640351140855391 1006063304867791 268 0 0 http://weibo.com/3304867791/AgVIu3AwD
3640350461316211 1006063304867791 474 0 1 http://weibo.com/3304867791/AgVHo5wpd
3640223088923251 1006063304867791 529 0 13 http://weibo.com/3304867791/AgSnWBrlp
3639999519978508 1006063304867791 554 0 8 http://weibo.com/3304867791/AgMzlFRRG
3639638109096789 1006063304867791 1026 0 175 http://weibo.com/3304867791/AgDaqCaup
3639617108482396 1006063304867791 0 0 0 http://weibo.com/3304867791/AgCCyzAEQ
3639613333193223 1006063304867791 0 0 0 http://weibo.com/3304867791/AgCwtdoHB
3639608300524235 1006063304867791 428 0 1 http://weibo.com/3304867791/AgCom2cnp
3639603065675497 1006063304867791 91 0 0 http://weibo.com/3304867791/AgCfUnOsh
3639602600050630 1006063304867791 172 0 0 http://weibo.com/3304867791/AgCfa0daC
3639407761988590 1006063304867791 1929 0 0 http://weibo.com/3304867791/AgxaU8lk2
3639282407109465 1006063304867791 1012 0 5 http://weibo.com/3304867791/AgtUItPuN
3639225137952692 1006063304867791 2 0 1 http://weibo.com/3304867791/AgsqlxmRe
3638888943635769 1006063304867791 1100 0 14 http://weibo.com/3304867791/AgjG6ffPr
3638888826188123 1006063304867791 1647 0 23 http://weibo.com/3304867791/AgjFUpXOr
3638888637433555 1006063304867791 251 0 1 http://weibo.com/3304867791/AgjFBvbO3
3633794999035100 1006063304867791 3 0 0 http://weibo.com/3304867791/Aeba3BUrq
3633794714156108 1006063304867791 901 0 31 http://weibo.com/3304867791/Aeb9Bhrc0
3633793367646117 1006063304867791 1940 0 32 http://weibo.com/3304867791/Aeb7qw56t
3633781526910068 1006063304867791 0 0 0 http://weibo.com/3304867791/AeaOksZCI
3632033018692220 1006063304867791 1341 0 65 http://weibo.com/3304867791/Adrk9Atf6
3631754772940815 1006063304867791 909 0 28 http://weibo.com/3304867791/Adk5ncl2v
3631670634830353 1006063304867791 694 0 28 http://weibo.com/3304867791/AdhTFkgAV
3631666859881585 1006063304867791 638 0 27 http://weibo.com/3304867791/AdhNzFsEp
3631649595694256 1006063304867791 1012 0 40 http://weibo.com/3304867791/AdhlJnTkQ
3626449230055558 1006063304867791 5165 0 309 http://weibo.com/3304867791/Ab6430es6
3626449230055495 1006063304867791 0 0 1 http://weibo.com/3304867791/Ab6430er5
3626449230055164 1006063304867791 0 0 0 http://weibo.com/3304867791/Ab6430elK
3626449229702972 1006063304867791 0 0 0 http://weibo.com/3304867791/Ab642EIby
3626449229702857 1006063304867791 0 0 0 http://weibo.com/3304867791/Ab642EI9H
3626448713703110 1006063304867791 514 0 143 http://weibo.com/3304867791/Ab63dfxlA
3638178248212662 1006063304867791 562 0 3 http://weibo.com/3304867791/Ag1bOysui
3638178038373251 1006063304867791 975 0 31 http://weibo.com/3304867791/Ag1btz8gr
3638164687767942 1006063304867791 0 0 0 http://weibo.com/3304867791/Ag0PWwANo
3638164549347772 1006063304867791 0 0 0 http://weibo.com/3304867791/Ag0PIDdMw
3638164360974308 1006063304867791 0 0 0 http://weibo.com/3304867791/Ag0Pq45sE
3638149575823956 1006063304867791 0 0 2 http://weibo.com/3304867791/Ag0rzor4M
3638149353508508 1006063304867791 0 0 0 http://weibo.com/3304867791/Ag0rdeIIQ
3638149101955816 1006063304867791 1 0 1 http://weibo.com/3304867791/Ag0qO8cNq
3637444039229632 1006063304867791 682 0 0 http://weibo.com/3304867791/AfI5BCJ32
3637430143816521 1006063304867791 598 0 21 http://weibo.com/3304867791/AfHJcg0QN
3636734362992508 1006063304867791 1000 0 174 http://weibo.com/3304867791/AfpCYcyug
3636732622737578 1006063304867791 712 0 38 http://weibo.com/3304867791/AfpAabuau
3636729866917299 1006063304867791 908 0 36 http://weibo.com/3304867791/AfpvIt1vl
3636695217935673 1006063304867791 5139 0 132 http://weibo.com/3304867791/AfoBPxiqJ
3636694592932461 1006063304867791 866 0 26 http://weibo.com/3304867791/AfoAPciRL
3636694026354373 1006063304867791 0 0 2 http://weibo.com/3304867791/AfozUqF3T
3636681669881922 1006063304867791 511 0 10 http://weibo.com/3304867791/AfofYFsJQ
3636339339434998 1006063304867791 1116 0 11 http://weibo.com/3304867791/AfflPDAto
3634583566757132 1006063304867791 333 0 1 http://weibo.com/3304867791/AevFWslQ0
3634568843841333 1006063304867791 430 0 0 http://weibo.com/3304867791/Aevicg7iZ
3634557515314269 1006063304867791 1563 0 104 http://weibo.com/3304867791/AeuZVmiu1
3634548887767182 1006063304867791 1003 0 45 http://weibo.com/3304867791/AeuM0wAB8
3634545431288828 1006063304867791 871 0 37 http://weibo.com/3304867791/AeuGr5phy
3634486857855008 1006063304867791 0 0 0 http://weibo.com/3304867791/Aet9XwXrG
3634206896489662 1006063304867791 954 0 42 http://weibo.com/3304867791/AelSprefY
3634180652806341 1006063304867791 0 0 2 http://weibo.com/3304867791/Aelc5bM3z
3633826452036338 1006063304867791 507 0 0 http://weibo.com/3304867791/AebYN8xKa
3633802544807383 1006063304867791 8 0 2 http://weibo.com/3304867791/AebmekaCr
3633798786545446 1006063304867791 6 0 1 http://weibo.com/3304867791/AebgarsLI
3633794999035100 1006063304867791 3 0 0 http://weibo.com/3304867791/Aeba3BUrq
3633794714156108 1006063304867791 901 0 31 http://weibo.com/3304867791/Aeb9Bhrc0
3633793367646117 1006063304867791 1940 0 32 http://weibo.com/3304867791/Aeb7qw56t
3633781526910068 1006063304867791 0 0 0 http://weibo.com/3304867791/AeaOksZCI
3626449230055558 1006063304867791 5165 0 309 http://weibo.com/3304867791/Ab6430es6
3626449230055495 1006063304867791 0 0 1 http://weibo.com/3304867791/Ab6430er5
3626449230055164 1006063304867791 0 0 0 http://weibo.com/3304867791/Ab6430elK
3626449229702972 1006063304867791 0 0 0 http://weibo.com/3304867791/Ab642EIby
3626449229702857 1006063304867791 0 0 0 http://weibo.com/3304867791/Ab642EI9H
3626448713703110 1006063304867791 514 0 143 http://weibo.com/3304867791/Ab63dfxlA
3626443256441854 1006063304867791 0 0 0 http://weibo.com/3304867791/Ab5Upr1OS
3626429864973325 1006063304867791 5480 0 294 http://weibo.com/3304867791/Ab5yOkRMV
3603704198440022 1006063304867791 0 0 0 http://weibo.com/3304867791/A1ymvzpDo
3601162412007191 1006063304867791 0 0 0 http://weibo.com/3304867791/A0ueR8qa3
3581551021445713 1006063304867791 0 0 0 http://weibo.com/3304867791/zydvU645X
3581533170448202 1006063304867791 0 0 0 http://weibo.com/3304867791/zyd371SB4
3581515570893019 1006063304867791 0 0 0 http://weibo.com/3304867791/zycAJ3Kjx
3581515307046163 1006063304867791 0 0 0 http://weibo.com/3304867791/zycAitz1N
3581433278751089 1006063304867791 0 0 0 http://weibo.com/3304867791/zyarZAIyB
3580420098801629 1006063304867791 3 0 2 http://weibo.com/3304867791/zxK5PAVHL
3580402255574744 1006063304867791 0 0 0 http://weibo.com/3304867791/zxJD3nofe
3580383633651118 1006063304867791 7 0 1 http://weibo.com/3304867791/zxJ91fjP0
3580366000595298 1006063304867791 1 0 0 http://weibo.com/3304867791/zxIGA2uRA
3580348158334369 1006063304867791 0 0 0 http://weibo.com/3304867791/zxIdNyY9j
3580078040199095 1006063304867791 0 0 1 http://weibo.com/3304867791/zxBc80PNd
3578979686484481 1006063304867791 2 0 2 http://weibo.com/3304867791/zx8CArcUp
3578699519485507 1006063304867791 2 0 2 http://weibo.com/3304867791/zx1kHDNC3
